-3.554288 11.1514
-1.088076 5.26029
-6.594419 19.62951
1.774103 -4.55259
1.498014 -0.9290205
-2.229028 10.7375
0.5777459 -0.4214324
-5.647808 21.05073
2.003784 -5.451771
2.587168 -3.829108
3.969887 -10.96231
-2.820353 10.6239
-0.161897 -1.006234
-6.345198 21.78644
-5.832444 19.55909
-2.415373 7.074116
-2.634356 8.963519
-4.641106 13.08363
-4.429129 14.93789
3.315604 -4.544313
-6.323877 20.64818
-0.09859048 2.232192
-1.873108 7.572015
-5.753193 20.97834
0.2753637 0.4332445
2.916667 -6.483398
-5.268722 16.26843
-3.664843 12.79402
-1.933622 13.22288
-3.331763 12.22179
-5.430997 13.5403
-4.354531 15.44879
-4.180656 15.5778
2.350717 -3.02459
-1.041691 3.486992
-5.103208 19.58587
-4.450264 14.48791
-2.086531 7.810804
1.879416 -5.700566
2.534332 -5.587119
3.042434 -7.466807
-1.810473 6.193781
-5.96319 19.59192
-6.124118 20.15746
2.855908 -7.399861
-5.506411 20.12476
-5.800297 17.55993
1.553031 -1.055544
-6.327284 19.26508
-5.936103 20.18847
-0.9585239 6.084362
-0.5226329 4.538805
-3.861929 16.6683
-4.988466 19.67166
-4.244876 17.35231
-6.827996 21.95369
-4.556522 16.22425
-2.99261 12.87755
2.619199 -4.580267
-5.583028 20.08503
-0.4668263 3.12008
-5.034108 18.91678
-6.904284 19.90568
-3.45189 14.44655
-1.95331 8.157776
-0.4646215 4.411911
-4.561213 15.80238
-0.07503302 1.278641
-6.154149 18.52665
-5.011907 16.22107
-5.328006 16.89238
1.400341 -1.237711
-3.278313 12.22642
-4.616523 16.81952
1.967269 -2.785342
-5.582509 14.88948
-0.04610443 2.18096
0.4829717 -0.2876118
-5.452758 18.10395
3.109052 -7.249668
-6.489159 21.22963
-4.501966 16.93415
-3.48245 12.44541
3.619152 -7.929187
-1.533233 6.546297
-1.820351 6.563056
-2.678258 8.455667
-2.072606 9.12435
1.419859 -1.526487
3.207052 -8.508755
-1.522913 8.667003
0.07715109 2.28811
-5.318259 15.71142
-0.8219847 3.61281
1.611751 -1.44923
-6.268044 20.02762
-6.737167 22.36552
-3.262751 10.5047
-2.569262 8.883133
-3.94066 13.77077
